# Bayo et al, M types from Collinder 69
# spty = M7.0  (Spectral type)
#
#     WAVELENGTH	#             FLUX	
#     (ANGSTROM)	#    (ERG/CM2/S/A)	
################	##################	
     6221.988977	      1.480108e-18	
     6223.854606	      2.455919e-18	
     6225.720235	      2.646846e-18	
     6227.585864	     -1.132504e-18	
     6229.451493	     -3.897003e-19	
     6231.317122	      2.452863e-18	
     6233.182751	      3.338628e-18	
     6235.048380	      6.298715e-18	
     6236.914009	      3.540137e-18	
     6238.779638	      7.540993e-19	
     6240.645267	      3.737451e-18	
     6242.510896	      5.034361e-18	
     6244.376525	      2.320182e-18	
     6246.242154	      1.959098e-18	
     6248.107783	      2.892171e-18	
     6249.973412	      3.065055e-18	
     6251.839041	      2.574365e-18	
     6253.704670	      3.273946e-18	
     6255.570299	      2.422890e-18	
     6257.435928	      1.566793e-18	
     6259.301557	      2.664409e-18	
     6261.167186	      5.368243e-18	
     6263.032815	      5.141206e-18	
     6264.898444	      4.655670e-18	
     6266.764073	      1.583999e-18	
     6268.629702	      3.777140e-18	
     6270.495331	      3.207378e-18	
     6272.360960	      1.208263e-18	
     6274.226589	      4.025924e-18	
     6276.092218	      3.785840e-18	
     6277.957847	      2.746780e-18	
     6279.823475	      2.692851e-18	
     6281.689104	      3.888297e-18	
     6283.554733	      3.094642e-18	
     6285.420362	      4.813459e-18	
     6287.285991	      2.412580e-18	
     6289.151620	      2.059454e-18	
     6291.017249	      3.508803e-18	
     6292.882878	      8.594179e-18	
     6294.748507	      1.082503e-17	
     6296.614136	      6.510011e-18	
     6298.479765	      6.592024e-18	
     6300.345394	      3.717340e-18	
     6302.211023	      2.357704e-18	
     6304.076652	      6.723076e-18	
     6305.942281	      5.062568e-18	
     6307.807910	      3.461210e-18	
     6309.673539	      6.199959e-18	
     6311.539168	      6.148393e-18	
     6313.404797	      4.239121e-18	
     6315.270426	      4.218632e-18	
     6317.136055	      3.413540e-18	
     6319.001684	      3.160730e-18	
     6320.867313	      4.279830e-18	
     6322.732942	      5.755150e-18	
     6324.598571	      5.359056e-18	
     6326.464200	      6.726734e-18	
     6328.329829	      5.619538e-18	
     6330.195458	      3.585873e-18	
     6332.061087	      4.115600e-18	
     6333.926716	      6.826578e-18	
     6335.792345	      6.348553e-18	
     6337.657973	      5.695907e-18	
     6339.523602	      5.507779e-18	
     6341.389231	      5.645128e-18	
     6343.254860	      4.861562e-18	
     6345.120489	      5.909353e-18	
     6346.986118	      7.014562e-18	
     6348.851747	      6.094963e-18	
     6350.717376	      5.593705e-18	
     6352.583005	      3.964034e-18	
     6354.448634	      2.974726e-18	
     6356.314263	      4.327311e-18	
     6358.179892	      3.379588e-18	
     6360.045521	      1.617487e-18	
     6361.911150	      3.310233e-18	
     6363.776779	      6.448461e-18	
     6365.642408	      6.200774e-18	
     6367.508037	      6.363828e-18	
     6369.373666	      7.593880e-18	
     6371.239295	      7.191259e-18	
     6373.104924	      6.651328e-18	
     6374.970553	      5.296011e-18	
     6376.836182	      6.175964e-18	
     6378.701811	      6.131646e-18	
     6380.567440	      4.698714e-18	
     6382.433069	      5.876452e-18	
     6384.298698	      6.846296e-18	
     6386.164327	      5.726823e-18	
     6388.029956	      5.187017e-18	
     6389.895585	      6.434697e-18	
     6391.761214	      6.847105e-18	
     6393.626843	      7.726893e-18	
     6395.492471	      7.412964e-18	
     6397.358100	      7.267012e-18	
     6399.223729	      7.577530e-18	
     6401.089358	      7.415000e-18	
     6402.954987	      7.449203e-18	
     6404.820616	      8.783686e-18	
     6406.686245	      9.221113e-18	
     6408.551874	      6.613433e-18	
     6410.417503	      6.509608e-18	
     6412.283132	      5.902235e-18	
     6414.148761	      7.121790e-18	
     6416.014390	      5.980963e-18	
     6417.880019	      6.401456e-18	
     6419.745648	      7.636601e-18	
     6421.611277	      6.712351e-18	
     6423.476906	      6.484799e-18	
     6425.342535	      7.333093e-18	
     6427.208164	      5.686815e-18	
     6429.073793	      6.752699e-18	
     6430.939422	      8.849275e-18	
     6432.805051	      9.284840e-18	
     6434.670680	      8.522680e-18	
     6436.536309	      7.346342e-18	
     6438.401938	      6.873043e-18	
     6440.267567	      8.650587e-18	
     6442.133196	      9.649617e-18	
     6443.998825	      7.163745e-18	
     6445.864454	      9.666692e-18	
     6447.730083	      8.844448e-18	
     6449.595712	      7.939428e-18	
     6451.461341	      8.623928e-18	
     6453.326969	      8.553927e-18	
     6455.192598	      7.426083e-18	
     6457.058227	      4.861443e-18	
     6458.923856	      8.627152e-18	
     6460.789485	      9.945133e-18	
     6462.655114	      6.491018e-18	
     6464.520743	      7.651797e-18	
     6466.386372	      9.293445e-18	
     6468.252001	      8.166717e-18	
     6470.117630	      7.574643e-18	
     6471.983259	      8.834483e-18	
     6473.848888	      1.045342e-17	
     6475.714517	      8.194568e-18	
     6477.580146	      7.524967e-18	
     6479.445775	      7.096301e-18	
     6481.311404	      5.711936e-18	
     6483.177033	      6.109377e-18	
     6485.042662	      7.726430e-18	
     6486.908291	      7.168163e-18	
     6488.773920	      7.647826e-18	
     6490.639549	      8.296713e-18	
     6492.505178	      9.251955e-18	
     6494.370807	      8.261476e-18	
     6496.236436	      8.491631e-18	
     6498.102065	      9.195327e-18	
     6499.967694	      8.519719e-18	
     6501.833323	      8.152400e-18	
     6503.698952	      7.572632e-18	
     6505.564581	      8.577883e-18	
     6507.430210	      8.026454e-18	
     6509.295839	      1.032385e-17	
     6511.161467	      1.014221e-17	
     6513.027096	      8.992854e-18	
     6514.892725	      1.017368e-17	
     6516.758354	      1.234309e-17	
     6518.623983	      9.993719e-18	
     6520.489612	      1.093162e-17	
     6522.355241	      1.180510e-17	
     6524.220870	      1.343147e-17	
     6526.086499	      1.299040e-17	
     6527.952128	      1.263498e-17	
     6529.817757	      1.192571e-17	
     6531.683386	      9.942380e-18	
     6533.549015	      1.156070e-17	
     6535.414644	      1.518518e-17	
     6537.280273	      1.373885e-17	
     6539.145902	      1.227610e-17	
     6541.011531	      1.290844e-17	
     6542.877160	      1.035862e-17	
     6544.742789	      1.099902e-17	
     6546.608418	      1.172001e-17	
     6548.474047	      1.249991e-17	
     6550.339676	      1.379942e-17	
     6552.205305	      1.898033e-17	
     6554.070934	      5.279472e-17	
     6555.936563	      8.613941e-17	
     6557.802192	      1.022556e-16	
     6559.667821	      9.390972e-17	
     6561.533450	      6.307525e-17	
     6563.399079	      2.396840e-17	
     6565.264708	      8.692595e-18	
     6567.130337	      1.036280e-17	
     6568.995965	      8.829992e-18	
     6570.861594	      7.478733e-18	
     6572.727223	      7.573913e-18	
     6574.592852	      6.326989e-18	
     6576.458481	      1.004284e-17	
     6578.324110	      9.192147e-18	
     6580.189739	      1.058552e-17	
     6582.055368	      8.198958e-18	
     6583.920997	      9.845474e-18	
     6585.786626	      9.537302e-18	
     6587.652255	      6.187115e-18	
     6589.517884	      6.288131e-18	
     6591.383513	      6.913828e-18	
     6593.249142	      7.962504e-18	
     6595.114771	      6.965488e-18	
     6596.980400	      8.336216e-18	
     6598.846029	      6.922751e-18	
     6600.711658	      6.619245e-18	
     6602.577287	      6.768604e-18	
     6604.442916	      6.848970e-18	
     6606.308545	      7.444137e-18	
     6608.174174	      9.184234e-18	
     6610.039803	      6.503562e-18	
     6611.905432	      5.140557e-18	
     6613.771061	      7.182189e-18	
     6615.636690	      8.866723e-18	
     6617.502319	      6.546134e-18	
     6619.367948	      6.970074e-18	
     6621.233577	      6.240079e-18	
     6623.099206	      7.304972e-18	
     6624.964835	      5.699695e-18	
     6626.830464	      5.531391e-18	
     6628.696092	      6.416659e-18	
     6630.561721	      6.472534e-18	
     6632.427350	      6.162298e-18	
     6634.292979	      4.679125e-18	
     6636.158608	      4.982805e-18	
     6638.024237	      4.806290e-18	
     6639.889866	      6.366992e-18	
     6641.755495	      6.350211e-18	
     6643.621124	      6.014788e-18	
     6645.486753	      5.614623e-18	
     6647.352382	      5.113209e-18	
     6649.218011	      6.449157e-18	
     6651.083640	      5.476872e-18	
     6652.949269	      5.424184e-18	
     6654.814898	      7.695849e-18	
     6656.680527	      6.817924e-18	
     6658.546156	      5.591994e-18	
     6660.411785	      6.752466e-18	
     6662.277414	      7.789766e-18	
     6664.143043	      5.971694e-18	
     6666.008672	      6.251685e-18	
     6667.874301	      5.212313e-18	
     6669.739930	      6.534711e-18	
     6671.605559	      7.563545e-18	
     6673.471188	      9.542437e-18	
     6675.336817	      8.610245e-18	
     6677.202446	      4.579641e-18	
     6679.068075	      4.806437e-18	
     6680.933704	      4.287589e-18	
     6682.799333	      4.459174e-18	
     6684.664962	      4.776460e-18	
     6686.530590	      4.659672e-18	
     6688.396219	      5.458605e-18	
     6690.261848	      5.095812e-18	
     6692.127477	      6.882968e-18	
     6693.993106	      6.369021e-18	
     6695.858735	      5.693454e-18	
     6697.724364	      7.840965e-18	
     6699.589993	      5.430303e-18	
     6701.455622	      5.893146e-18	
     6703.321251	      6.034459e-18	
     6705.186880	      6.329312e-18	
     6707.052509	      1.843537e-18	
     6708.918138	      1.974730e-18	
     6710.783767	      7.052283e-18	
     6712.649396	      6.100546e-18	
     6714.515025	      3.883242e-18	
     6716.380654	      4.340076e-18	
     6718.246283	      4.505149e-18	
     6720.111912	      6.342428e-18	
     6721.977541	      6.436095e-18	
     6723.843170	      4.115431e-18	
     6725.708799	      5.006642e-18	
     6727.574428	      5.953754e-18	
     6729.440057	      6.345508e-18	
     6731.305686	      5.852264e-18	
     6733.171315	      7.502615e-18	
     6735.036944	      6.945721e-18	
     6736.902573	      7.650454e-18	
     6738.768202	      7.349758e-18	
     6740.633831	      6.322447e-18	
     6742.499460	      5.426146e-18	
     6744.365088	      5.447568e-18	
     6746.230717	      4.767915e-18	
     6748.096346	      4.660091e-18	
     6749.961975	      5.470075e-18	
     6751.827604	      6.815350e-18	
     6753.693233	      8.239223e-18	
     6755.558862	      5.754779e-18	
     6757.424491	      5.978276e-18	
     6759.290120	      7.292851e-18	
     6761.155749	      5.655420e-18	
     6763.021378	      4.369704e-18	
     6764.887007	      5.586282e-18	
     6766.752636	      7.660838e-18	
     6768.618265	      7.663661e-18	
     6770.483894	      7.771140e-18	
     6772.349523	      8.160613e-18	
     6774.215152	      7.881584e-18	
     6776.080781	      5.911543e-18	
     6777.946410	      4.795497e-18	
     6779.812039	      4.854658e-18	
     6781.677668	      5.537756e-18	
     6783.543297	      7.379596e-18	
     6785.408926	      5.772409e-18	
     6787.274555	      6.445034e-18	
     6789.140184	      6.177558e-18	
     6791.005813	      5.402652e-18	
     6792.871442	      5.400789e-18	
     6794.737071	      5.376464e-18	
     6796.602700	      7.097368e-18	
     6798.468329	      7.889219e-18	
     6800.333958	      7.459519e-18	
     6802.199586	      7.034117e-18	
     6804.065215	      8.785587e-18	
     6805.930844	      8.923279e-18	
     6807.796473	      7.366192e-18	
     6809.662102	      7.541044e-18	
     6811.527731	      6.678662e-18	
     6813.393360	      7.461277e-18	
     6815.258989	      7.331381e-18	
     6817.124618	      5.069801e-18	
     6818.990247	      8.295411e-18	
     6820.855876	      7.054964e-18	
     6822.721505	      7.960225e-18	
     6824.587134	      7.588438e-18	
     6826.452763	      7.901053e-18	
     6828.318392	      9.895144e-18	
     6830.184021	      8.555776e-18	
     6832.049650	      8.000792e-18	
     6833.915279	      9.204068e-18	
     6835.780908	      8.994929e-18	
     6837.646537	      1.060761e-17	
     6839.512166	      1.003638e-17	
     6841.377795	      8.315758e-18	
     6843.243424	      8.706382e-18	
     6845.109053	      8.220128e-18	
     6846.974682	      8.259604e-18	
     6848.840311	      7.948971e-18	
     6850.705940	      5.708526e-18	
     6852.571569	      6.531714e-18	
     6854.437198	      7.518839e-18	
     6856.302827	      6.763382e-18	
     6858.168456	      9.723344e-18	
     6860.034084	      9.806246e-18	
     6861.899713	      8.013906e-18	
     6863.765342	      7.205087e-18	
     6865.630971	      6.748254e-18	
     6867.496600	      6.631860e-18	
     6869.362229	      6.567948e-18	
     6871.227858	      8.187531e-18	
     6873.093487	      9.933791e-18	
     6874.959116	      8.739705e-18	
     6876.824745	      9.653448e-18	
     6878.690374	      8.876191e-18	
     6880.556003	      7.570608e-18	
     6882.421632	      9.445221e-18	
     6884.287261	      9.254988e-18	
     6886.152890	      8.127543e-18	
     6888.018519	      9.166186e-18	
     6889.884148	      9.108211e-18	
     6891.749777	      9.037563e-18	
     6893.615406	      8.100832e-18	
     6895.481035	      8.364158e-18	
     6897.346664	      1.151572e-17	
     6899.212293	      1.141416e-17	
     6901.077922	      1.080203e-17	
     6902.943551	      1.157404e-17	
     6904.809180	      1.264878e-17	
     6906.674809	      1.006730e-17	
     6908.540438	      9.931666e-18	
     6910.406067	      1.144506e-17	
     6912.271696	      1.023029e-17	
     6914.137325	      8.055900e-18	
     6916.002954	      1.017063e-17	
     6917.868582	      1.112100e-17	
     6919.734211	      1.215425e-17	
     6921.599840	      9.094878e-18	
     6923.465469	      1.176958e-17	
     6925.331098	      1.300657e-17	
     6927.196727	      1.234397e-17	
     6929.062356	      1.451381e-17	
     6930.927985	      1.601576e-17	
     6932.793614	      1.331822e-17	
     6934.659243	      1.411980e-17	
     6936.524872	      1.444055e-17	
     6938.390501	      1.406810e-17	
     6940.256130	      1.705295e-17	
     6942.121759	      1.669942e-17	
     6943.987388	      1.862317e-17	
     6945.853017	      1.616172e-17	
     6947.718646	      1.533171e-17	
     6949.584275	      1.352788e-17	
     6951.449904	      1.351795e-17	
     6953.315533	      1.305323e-17	
     6955.181162	      1.707735e-17	
     6957.046791	      1.601214e-17	
     6958.912420	      1.606972e-17	
     6960.778049	      1.735760e-17	
     6962.643678	      1.565100e-17	
     6964.509307	      1.592236e-17	
     6966.374936	      1.619305e-17	
     6968.240565	      1.745036e-17	
     6970.106194	      1.653062e-17	
     6971.971823	      1.833574e-17	
     6973.837452	      1.926108e-17	
     6975.703080	      1.912068e-17	
     6977.568709	      1.709071e-17	
     6979.434338	      1.754923e-17	
     6981.299967	      1.777063e-17	
     6983.165596	      1.797155e-17	
     6985.031225	      1.720678e-17	
     6986.896854	      1.544321e-17	
     6988.762483	      1.747734e-17	
     6990.628112	      1.921203e-17	
     6992.493741	      1.893380e-17	
     6994.359370	      1.685801e-17	
     6996.224999	      1.813224e-17	
     6998.090628	      1.978577e-17	
     6999.956257	      1.866323e-17	
     7001.821886	      1.726655e-17	
     7003.687515	      1.871283e-17	
     7005.553144	      1.961203e-17	
     7007.418773	      1.864638e-17	
     7009.284402	      2.065990e-17	
     7011.150031	      1.983646e-17	
     7013.015660	      1.887195e-17	
     7014.881289	      1.869136e-17	
     7016.746918	      1.758849e-17	
     7018.612547	      1.837551e-17	
     7020.478176	      1.975817e-17	
     7022.343805	      2.007478e-17	
     7024.209434	      1.956640e-17	
     7026.075063	      1.997663e-17	
     7027.940692	      2.187489e-17	
     7029.806321	      2.202914e-17	
     7031.671950	      2.105017e-17	
     7033.537578	      2.084384e-17	
     7035.403207	      2.024540e-17	
     7037.268836	      2.094180e-17	
     7039.134465	      2.133764e-17	
     7041.000094	      1.994030e-17	
     7042.865723	      2.244034e-17	
     7044.731352	      2.334254e-17	
     7046.596981	      2.183146e-17	
     7048.462610	      1.858378e-17	
     7050.328239	      1.435113e-17	
     7052.193868	      1.047902e-17	
     7054.059497	      9.309188e-18	
     7055.925126	      8.181520e-18	
     7057.790755	      1.033583e-17	
     7059.656384	      1.262525e-17	
     7061.522013	      1.239987e-17	
     7063.387642	      1.274385e-17	
     7065.253271	      1.356247e-17	
     7067.118900	      1.303008e-17	
     7068.984529	      1.057489e-17	
     7070.850158	      1.072508e-17	
     7072.715787	      1.061075e-17	
     7074.581416	      1.050112e-17	
     7076.447045	      1.070877e-17	
     7078.312674	      9.580205e-18	
     7080.178303	      1.194225e-17	
     7082.043932	      9.764121e-18	
     7083.909561	      8.127667e-18	
     7085.775190	      6.696995e-18	
     7087.640819	      5.259435e-18	
     7089.506448	      5.118486e-18	
     7091.372076	      7.056738e-18	
     7093.237705	      6.744131e-18	
     7095.103334	      8.080073e-18	
     7096.968963	      8.081333e-18	
     7098.834592	      6.343622e-18	
     7100.700221	      6.650143e-18	
     7102.565850	      9.267490e-18	
     7104.431479	      1.076417e-17	
     7106.297108	      1.016833e-17	
     7108.162737	      8.920451e-18	
     7110.028366	      8.096523e-18	
     7111.893995	      1.084378e-17	
     7113.759624	      9.773125e-18	
     7115.625253	      1.046055e-17	
     7117.490882	      1.148993e-17	
     7119.356511	      8.422729e-18	
     7121.222140	      6.695899e-18	
     7123.087769	      5.557659e-18	
     7124.953398	      5.485982e-18	
     7126.819027	      5.828393e-18	
     7128.684656	      6.402651e-18	
     7130.550285	      8.331888e-18	
     7132.415914	      7.604649e-18	
     7134.281543	      6.551112e-18	
     7136.147172	      7.445819e-18	
     7138.012801	      7.321479e-18	
     7139.878430	      7.276531e-18	
     7141.744059	      5.822487e-18	
     7143.609688	      6.115556e-18	
     7145.475317	      6.703544e-18	
     7147.340946	      6.902519e-18	
     7149.206575	      7.081230e-18	
     7151.072203	      7.862319e-18	
     7152.937832	      7.174287e-18	
     7154.803461	      7.413410e-18	
     7156.669090	      7.247120e-18	
     7158.534719	      6.427712e-18	
     7160.400348	      7.284106e-18	
     7162.265977	      8.413796e-18	
     7164.131606	      8.744944e-18	
     7165.997235	      8.745192e-18	
     7167.862864	      8.294904e-18	
     7169.728493	      6.747955e-18	
     7171.594122	      7.968749e-18	
     7173.459751	      1.057049e-17	
     7175.325380	      9.179840e-18	
     7177.191009	      8.311402e-18	
     7179.056638	      1.018168e-17	
     7180.922267	      9.360775e-18	
     7182.787896	      1.085935e-17	
     7184.653525	      1.007704e-17	
     7186.519154	      8.659327e-18	
     7188.384783	      8.954982e-18	
     7190.250412	      8.439382e-18	
     7192.116041	      8.169019e-18	
     7193.981670	      7.939138e-18	
     7195.847299	      7.296367e-18	
     7197.712928	      8.072556e-18	
     7199.578557	      8.966486e-18	
     7201.444186	      8.053239e-18	
     7203.309815	      8.236816e-18	
     7205.175444	      1.033020e-17	
     7207.041073	      1.008178e-17	
     7208.906701	      8.437983e-18	
     7210.772330	      8.285789e-18	
     7212.637959	      1.056598e-17	
     7214.503588	      1.025166e-17	
     7216.369217	      9.823045e-18	
     7218.234846	      1.190262e-17	
     7220.100475	      1.202825e-17	
     7221.966104	      1.104508e-17	
     7223.831733	      1.083098e-17	
     7225.697362	      9.633944e-18	
     7227.562991	      1.140515e-17	
     7229.428620	      1.111853e-17	
     7231.294249	      1.151960e-17	
     7233.159878	      1.254128e-17	
     7235.025507	      1.218193e-17	
     7236.891136	      1.251429e-17	
     7238.756765	      1.164844e-17	
     7240.622394	      1.349882e-17	
     7242.488023	      1.463056e-17	
     7244.353652	      1.591570e-17	
     7246.219281	      1.783706e-17	
     7248.084910	      1.738624e-17	
     7249.950539	      1.520354e-17	
     7251.816168	      1.400303e-17	
     7253.681797	      1.430410e-17	
     7255.547426	      1.380312e-17	
     7257.413055	      1.688146e-17	
     7259.278684	      1.800980e-17	
     7261.144313	      1.662957e-17	
     7263.009942	      1.613732e-17	
     7264.875571	      1.472270e-17	
     7266.741199	      1.513846e-17	
     7268.606828	      1.296960e-17	
     7270.472457	      1.349266e-17	
     7272.338086	      1.627113e-17	
     7274.203715	      1.648697e-17	
     7276.069344	      1.738929e-17	
     7277.934973	      1.693292e-17	
     7279.800602	      1.744193e-17	
     7281.666231	      1.933007e-17	
     7283.531860	      1.935624e-17	
     7285.397489	      1.935878e-17	
     7287.263118	      1.850427e-17	
     7289.128747	      1.831448e-17	
     7290.994376	      2.106294e-17	
     7292.860005	      2.102831e-17	
     7294.725634	      2.092991e-17	
     7296.591263	      2.338728e-17	
     7298.456892	      2.245786e-17	
     7300.322521	      2.548177e-17	
     7302.188150	      2.635710e-17	
     7304.053779	      3.145018e-17	
     7317.113182	      3.533834e-17	
     7318.978811	      2.783709e-17	
     7320.844440	      2.912843e-17	
     7322.710069	      3.089372e-17	
     7324.575697	      2.834963e-17	
     7326.441326	      2.844762e-17	
     7328.306955	      2.967635e-17	
     7330.172584	      3.364509e-17	
     7332.038213	      3.114899e-17	
     7333.903842	      3.051524e-17	
     7335.769471	      3.151749e-17	
     7337.635100	      3.083383e-17	
     7339.500729	      2.816076e-17	
     7341.366358	      2.779959e-17	
     7343.231987	      2.909209e-17	
     7345.097616	      3.119427e-17	
     7346.963245	      3.092256e-17	
     7348.828874	      2.955204e-17	
     7350.694503	      2.892157e-17	
     7352.560132	      2.968539e-17	
     7354.425761	      3.196556e-17	
     7356.291390	      3.191834e-17	
     7358.157019	      3.211561e-17	
     7360.022648	      3.435092e-17	
     7361.888277	      3.663104e-17	
     7363.753906	      3.548247e-17	
     7365.619535	      3.310962e-17	
     7367.485164	      3.406171e-17	
     7369.350793	      3.306654e-17	
     7371.216422	      3.351514e-17	
     7373.082051	      3.557164e-17	
     7374.947680	      3.596765e-17	
     7376.813309	      3.628624e-17	
     7378.678938	      3.491263e-17	
     7380.544567	      3.520236e-17	
     7382.410195	      3.710928e-17	
     7384.275824	      3.739008e-17	
     7386.141453	      3.703952e-17	
     7388.007082	      3.333434e-17	
     7389.872711	      3.415273e-17	
     7391.738340	      3.639114e-17	
     7393.603969	      3.667275e-17	
     7395.469598	      3.842865e-17	
     7397.335227	      3.306243e-17	
     7399.200856	      3.420724e-17	
     7401.066485	      3.352632e-17	
     7402.932114	      3.548881e-17	
     7404.797743	      3.628113e-17	
     7406.663372	      3.772623e-17	
     7408.529001	      3.896801e-17	
     7410.394630	      3.601319e-17	
     7412.260259	      3.577370e-17	
     7414.125888	      3.542314e-17	
     7415.991517	      3.473568e-17	
     7417.857146	      3.658658e-17	
     7419.722775	      3.767696e-17	
     7421.588404	      3.807543e-17	
     7423.454033	      3.869408e-17	
     7425.319662	      3.774905e-17	
     7427.185291	      3.611127e-17	
     7429.050920	      3.607034e-17	
     7430.916549	      3.536510e-17	
     7432.782178	      3.823734e-17	
     7434.647807	      3.942895e-17	
     7436.513436	      3.666674e-17	
     7438.379065	      3.575829e-17	
     7440.244693	      3.619279e-17	
     7442.110322	      3.678458e-17	
     7443.975951	      3.766202e-17	
     7445.841580	      3.758077e-17	
     7447.707209	      3.867864e-17	
     7449.572838	      3.851802e-17	
     7451.438467	      3.701868e-17	
     7453.304096	      3.683060e-17	
     7455.169725	      3.947656e-17	
     7457.035354	      3.750063e-17	
     7458.900983	      3.910924e-17	
     7460.766612	      3.877941e-17	
     7462.632241	      4.016253e-17	
     7464.497870	      3.942080e-17	
     7466.363499	      4.111786e-17	
     7468.229128	      3.630845e-17	
     7470.094757	      4.085549e-17	
     7471.960386	      4.043034e-17	
     7473.826015	      4.042310e-17	
     7475.691644	      3.976205e-17	
     7477.557273	      4.128930e-17	
     7479.422902	      4.425795e-17	
     7481.288531	      4.374477e-17	
     7483.154160	      4.355910e-17	
     7485.019789	      4.185220e-17	
     7486.885418	      4.127643e-17	
     7488.751047	      4.118777e-17	
     7490.616676	      4.045750e-17	
     7492.482305	      4.310470e-17	
     7494.347934	      4.404843e-17	
     7496.213563	      4.555315e-17	
     7498.079191	      4.470827e-17	
     7499.944820	      4.559119e-17	
     7501.810449	      4.505935e-17	
     7503.676078	      4.630982e-17	
     7505.541707	      4.732150e-17	
     7507.407336	      4.686079e-17	
     7509.272965	      4.558581e-17	
     7511.138594	      4.280567e-17	
     7513.004223	      4.372303e-17	
     7514.869852	      4.600630e-17	
     7516.735481	      4.754815e-17	
     7518.601110	      4.780326e-17	
     7520.466739	      4.467456e-17	
     7522.332368	      4.458844e-17	
     7524.197997	      4.571109e-17	
     7526.063626	      4.647793e-17	
     7527.929255	      4.769489e-17	
     7529.794884	      4.823874e-17	
     7531.660513	      5.186096e-17	
     7533.526142	      5.242218e-17	
     7535.391771	      4.965842e-17	
     7537.257400	      5.184989e-17	
     7539.123029	      5.283819e-17	
     7540.988658	      5.232872e-17	
     7542.854287	      5.169858e-17	
     7544.719916	      5.040192e-17	
     7546.585545	      5.229228e-17	
     7548.451174	      5.494111e-17	
     7550.316803	      5.512257e-17	
     7552.182432	      5.335363e-17	
     7554.048061	      5.159915e-17	
     7555.913689	      5.163575e-17	
     7557.779318	      5.086850e-17	
     7559.644947	      5.268592e-17	
     7561.510576	      5.199925e-17	
     7563.376205	      4.928100e-17	
     7565.241834	      5.058934e-17	
     7567.107463	      5.267471e-17	
     7568.973092	      5.402021e-17	
     7570.838721	      5.428879e-17	
     7572.704350	      5.296472e-17	
     7574.569979	      5.296277e-17	
     7576.435608	      5.593882e-17	
     7578.301237	      5.618575e-17	
     7580.166866	      5.199559e-17	
     7582.032495	      4.172522e-17	
     7583.898124	      3.444291e-17	
     7585.763753	      2.872621e-17	
     7587.629382	      2.208319e-17	
     7589.495011	      1.883433e-17	
     7591.360640	      1.969840e-17	
     7593.226269	      1.895327e-17	
     7595.091898	      1.710916e-17	
     7596.957527	      1.302144e-17	
     7598.823156	      1.139484e-17	
     7600.688785	      1.402690e-17	
     7602.554414	      1.522049e-17	
     7604.420043	      1.743000e-17	
     7606.285672	      1.986199e-17	
     7608.151301	      2.523138e-17	
     7610.016930	      3.038069e-17	
     7611.882559	      3.446252e-17	
     7613.748187	      3.291508e-17	
     7615.613816	      3.217402e-17	
     7617.479445	      2.815251e-17	
     7619.345074	      2.343934e-17	
     7621.210703	      1.961382e-17	
     7623.076332	      1.806735e-17	
     7624.941961	      1.738488e-17	
     7626.807590	      1.667165e-17	
     7628.673219	      1.811440e-17	
     7630.538848	      1.637912e-17	
     7632.404477	      1.747608e-17	
     7634.270106	      2.166760e-17	
     7636.135735	      2.127229e-17	
     7638.001364	      2.161202e-17	
     7639.866993	      2.171969e-17	
     7641.732622	      2.188685e-17	
     7643.598251	      2.524041e-17	
     7645.463880	      2.554321e-17	
     7647.329509	      2.640799e-17	
     7649.195138	      2.559456e-17	
     7651.060767	      2.568875e-17	
     7652.926396	      2.621244e-17	
     7654.792025	      2.169341e-17	
     7656.657654	      1.531567e-17	
     7658.523283	      1.394808e-17	
     7660.388912	      1.175341e-17	
     7662.254541	      1.251720e-17	
     7664.120170	      1.465486e-17	
     7665.985799	      1.707418e-17	
     7667.851428	      1.657192e-17	
     7669.717057	      1.577638e-17	
     7671.582685	      1.813503e-17	
     7673.448314	      1.735659e-17	
     7675.313943	      1.954193e-17	
     7677.179572	      1.991954e-17	
     7679.045201	      1.769856e-17	
     7680.910830	      1.731860e-17	
     7682.776459	      2.010437e-17	
     7684.642088	      2.090880e-17	
     7686.507717	      2.041437e-17	
     7688.373346	      1.945853e-17	
     7690.238975	      1.487668e-17	
     7692.104604	      1.418228e-17	
     7693.970233	      1.397152e-17	
     7695.835862	      1.732087e-17	
     7697.701491	      1.791330e-17	
     7699.567120	      1.950251e-17	
     7701.432749	      1.836193e-17	
     7703.298378	      1.825131e-17	
     7705.164007	      2.018238e-17	
     7707.029636	      1.732382e-17	
     7708.895265	      1.864463e-17	
     7710.760894	      2.208142e-17	
     7712.626523	      2.349533e-17	
     7714.492152	      2.504118e-17	
     7716.357781	      2.624275e-17	
     7718.223410	      2.602044e-17	
     7720.089039	      2.597260e-17	
     7721.954668	      2.655822e-17	
     7723.820297	      2.587495e-17	
     7725.685926	      2.817300e-17	
     7727.551555	      3.008487e-17	
     7729.417184	      3.060528e-17	
     7731.282812	      3.006438e-17	
     7733.148441	      3.164577e-17	
     7735.014070	      2.989917e-17	
     7736.879699	      2.681358e-17	
     7738.745328	      2.488241e-17	
     7740.610957	      2.297240e-17	
     7742.476586	      1.960704e-17	
     7744.342215	      1.867904e-17	
     7746.207844	      2.151514e-17	
     7748.073473	      2.028318e-17	
     7749.939102	      2.088943e-17	
     7751.804731	      2.500342e-17	
     7753.670360	      2.476239e-17	
     7755.535989	      2.407752e-17	
     7757.401618	      2.399392e-17	
     7759.267247	      2.258552e-17	
     7761.132876	      2.245533e-17	
     7762.998505	      2.483216e-17	
     7764.864134	      2.512792e-17	
     7766.729763	      2.925830e-17	
     7768.595392	      2.419590e-17	
     7770.461021	      2.491461e-17	
     7772.326650	      2.692695e-17	
     7774.192279	      2.595304e-17	
     7776.057908	      2.169097e-17	
     7777.923537	      2.215742e-17	
     7779.789166	      2.258350e-17	
     7781.654795	      2.631444e-17	
     7783.520424	      2.461449e-17	
     7785.386053	      2.463195e-17	
     7787.251682	      2.600823e-17	
     7789.117310	      2.654563e-17	
     7790.982939	      2.487988e-17	
     7792.848568	      2.419888e-17	
     7794.714197	      2.534305e-17	
     7796.579826	      2.867239e-17	
     7798.445455	      3.061155e-17	
     7800.311084	      2.929684e-17	
     7802.176713	      2.618357e-17	
     7804.042342	      2.901597e-17	
     7805.907971	      3.263436e-17	
     7807.773600	      3.280133e-17	
     7809.639229	      3.284790e-17	
     7811.504858	      3.628180e-17	
     7813.370487	      3.338321e-17	
     7815.236116	      3.084875e-17	
     7817.101745	      3.136898e-17	
     7818.967374	      2.926862e-17	
     7820.833003	      2.603789e-17	
     7822.698632	      2.550982e-17	
     7824.564261	      2.595295e-17	
     7826.429890	      2.414647e-17	
     7828.295519	      2.203458e-17	
     7830.161148	      2.601860e-17	
     7832.026777	      2.858447e-17	
     7833.892406	      2.859209e-17	
     7835.758035	      2.919431e-17	
     7837.623664	      2.987530e-17	
     7839.489293	      2.950566e-17	
     7841.354922	      3.057041e-17	
     7843.220551	      3.072837e-17	
     7845.086180	      2.779152e-17	
     7846.951808	      2.646423e-17	
     7848.817437	      2.790271e-17	
     7850.683066	      3.202748e-17	
     7852.548695	      3.329778e-17	
     7854.414324	      3.183684e-17	
     7856.279953	      2.781688e-17	
     7858.145582	      2.654044e-17	
     7860.011211	      2.944884e-17	
     7861.876840	      3.128522e-17	
     7863.742469	      3.129873e-17	
     7865.608098	      2.880160e-17	
     7867.473727	      3.034323e-17	
     7869.339356	      2.905575e-17	
     7871.204985	      3.041629e-17	
     7873.070614	      3.023757e-17	
     7874.936243	      3.052354e-17	
     7876.801872	      2.928793e-17	
     7878.667501	      3.373146e-17	
     7880.533130	      3.476231e-17	
     7882.398759	      3.116814e-17	
     7884.264388	      3.229030e-17	
     7886.130017	      3.509925e-17	
     7887.995646	      3.324055e-17	
     7889.861275	      3.166726e-17	
     7891.726904	      3.132523e-17	
     7893.592533	      2.967459e-17	
     7895.458162	      2.879701e-17	
     7897.323791	      3.026146e-17	
     7899.189420	      3.447884e-17	
     7901.055049	      3.163402e-17	
     7902.920678	      2.533724e-17	
     7904.786306	      2.934292e-17	
     7906.651935	      2.796445e-17	
     7908.517564	      2.944533e-17	
     7910.383193	      2.869080e-17	
     7912.248822	      2.750776e-17	
     7914.114451	      2.915470e-17	
     7915.980080	      2.745807e-17	
     7917.845709	      2.805285e-17	
     7919.711338	      3.010048e-17	
     7921.576967	      3.061172e-17	
     7923.442596	      3.287764e-17	
     7925.308225	      3.195917e-17	
     7927.173854	      3.201487e-17	
     7929.039483	      3.208024e-17	
     7930.905112	      3.419292e-17	
     7932.770741	      3.227259e-17	
     7934.636370	      3.050491e-17	
     7936.501999	      2.903964e-17	
     7938.367628	      3.094255e-17	
     7940.233257	      3.200269e-17	
     7942.098886	      2.929606e-17	
     7943.964515	      2.952283e-17	
     7945.830144	      3.185904e-17	
     7947.695773	      3.422486e-17	
     7949.561402	      3.741645e-17	
     7951.427031	      3.756712e-17	
     7953.292660	      3.475259e-17	
     7955.158289	      3.394496e-17	
     7957.023918	      3.508700e-17	
     7958.889547	      3.861929e-17	
     7960.755176	      3.543915e-17	
     7962.620804	      3.566168e-17	
     7964.486433	      3.778941e-17	
     7966.352062	      3.666002e-17	
     7968.217691	      3.318390e-17	
     7970.083320	      3.267159e-17	
     7971.948949	      3.095919e-17	
     7973.814578	      3.022137e-17	
     7975.680207	      3.092930e-17	
     7977.545836	      2.969523e-17	
     7979.411465	      3.164095e-17	
     7981.277094	      3.369816e-17	
     7983.142723	      3.366088e-17	
     7985.008352	      3.364387e-17	
     7986.873981	      3.369247e-17	
     7988.739610	      3.715668e-17	
     7990.605239	      3.830843e-17	
     7992.470868	      3.501214e-17	
     7994.336497	      3.415017e-17	
     7996.202126	      3.452846e-17	
     7998.067755	      3.610479e-17	
     7999.933384	      3.750215e-17	
     8001.799013	      3.812254e-17	
     8003.664642	      4.307765e-17	
     8005.530271	      4.405404e-17	
     8007.395900	      3.975221e-17	
     8009.261529	      3.905215e-17	
     8011.127158	      4.131099e-17	
     8012.992787	      4.029009e-17	
     8014.858416	      3.958501e-17	
     8016.724045	      3.887026e-17	
     8018.589674	      3.715582e-17	
     8020.455302	      4.126668e-17	
     8022.320931	      4.431228e-17	
     8024.186560	      4.624555e-17	
     8026.052189	      4.791295e-17	
     8027.917818	      5.094083e-17	
     8029.783447	      5.063424e-17	
     8031.649076	      4.733456e-17	
     8033.514705	      4.772186e-17	
     8035.380334	      4.723964e-17	
     8037.245963	      4.997347e-17	
     8039.111592	      5.106077e-17	
     8040.977221	      5.133165e-17	
     8042.842850	      5.261248e-17	
     8044.708479	      5.654940e-17	
     8046.574108	      5.675493e-17	
     8048.439737	      5.498597e-17	
     8050.305366	      5.650520e-17	
     8052.170995	      5.560857e-17	
     8054.036624	      5.528498e-17	
     8055.902253	      5.812324e-17	
     8057.767882	      6.303940e-17	
     8059.633511	      6.253137e-17	
     8061.499140	      5.884451e-17	
     8063.364769	      5.773314e-17	
     8065.230398	      5.969299e-17	
     8067.096027	      5.798108e-17	
     8068.961656	      5.649525e-17	
     8070.827285	      5.957305e-17	
     8072.692914	      6.043956e-17	
     8074.558543	      6.048865e-17	
     8076.424172	      6.212836e-17	
     8078.289800	      6.247691e-17	
     8080.155429	      6.437360e-17	
     8082.021058	      6.374397e-17	
     8083.886687	      6.769026e-17	
     8085.752316	      6.783226e-17	
     8087.617945	      6.689124e-17	
     8089.483574	      6.518695e-17	
     8091.349203	      7.006297e-17	
     8093.214832	      6.918140e-17	
     8095.080461	      6.777833e-17	
     8096.946090	      6.888750e-17	
     8098.811719	      6.959683e-17	
     8100.677348	      6.874366e-17	
     8102.542977	      6.900939e-17	
     8104.408606	      6.895053e-17	
     8106.274235	      7.078327e-17	
     8108.139864	      7.165195e-17	
     8110.005493	      6.983012e-17	
     8111.871122	      7.498201e-17	
     8113.736751	      7.636604e-17	
     8115.602380	      7.826015e-17	
     8117.468009	      7.846922e-17	
     8119.333638	      7.941939e-17	
     8121.199267	      8.143093e-17	
     8123.064896	      7.981871e-17	
     8124.930525	      7.866931e-17	
     8126.796154	      7.910615e-17	
     8128.661783	      7.729362e-17	
     8130.527412	      7.955774e-17	
     8132.393041	      8.117090e-17	
     8134.258670	      7.980620e-17	
     8136.124298	      8.018087e-17	
     8137.989927	      8.043437e-17	
     8139.855556	      8.035166e-17	
     8141.721185	      8.070077e-17	
     8143.586814	      8.113444e-17	
     8145.452443	      8.397369e-17	
     8147.318072	      8.442772e-17	
     8149.183701	      8.471611e-17	
     8151.049330	      8.523090e-17	
     8152.914959	      8.481659e-17	
     8154.780588	      8.131379e-17	
     8156.646217	      8.446978e-17	
     8158.511846	      8.459712e-17	
     8160.377475	      8.701299e-17	
     8162.243104	      8.766236e-17	
     8164.108733	      8.811774e-17	
     8165.974362	      8.973848e-17	
     8167.839991	      8.653560e-17	
     8169.705620	      8.651509e-17	
     8171.571249	      8.479646e-17	
     8173.436878	      8.203648e-17	
     8175.302507	      7.649717e-17	
     8177.168136	      7.347049e-17	
     8179.033765	      7.734335e-17	
     8180.899394	      7.955643e-17	
     8182.765023	      8.045829e-17	
     8184.630652	      8.264784e-17	
     8186.496281	      7.937636e-17	
     8188.361910	      7.187624e-17	
     8190.227539	      6.435725e-17	
     8192.093168	      7.127817e-17	
     8193.958796	      7.571714e-17	
     8195.824425	      7.126181e-17	
     8197.690054	      6.867790e-17	
     8199.555683	      6.887069e-17	
     8201.421312	      6.378370e-17	
     8203.286941	      6.411068e-17	
     8205.152570	      6.901586e-17	
     8207.018199	      7.561032e-17	
     8208.883828	      7.692711e-17	
     8210.749457	      7.273040e-17	
     8212.615086	      7.443630e-17	
     8214.480715	      7.653807e-17	
     8216.346344	      7.770195e-17	
     8218.211973	      7.688691e-17	
     8220.077602	      7.882519e-17	
     8221.943231	      7.615319e-17	
     8223.808860	      7.770320e-17	
     8225.674489	      7.849316e-17	
     8227.540118	      7.711279e-17	
     8229.405747	      7.806596e-17	
     8231.271376	      8.384900e-17	
     8233.137005	      8.509571e-17	
     8235.002634	      8.152403e-17	
     8236.868263	      8.199771e-17	
     8238.733892	      8.196808e-17	
     8240.599521	      8.211366e-17	
     8242.465150	      8.301571e-17	
     8244.330779	      8.283345e-17	
     8246.196408	      7.690681e-17	
     8248.062037	      7.365088e-17	
     8249.927666	      7.358471e-17	
     8251.793294	      7.766920e-17	
     8253.658923	      8.093207e-17	
     8255.524552	      8.266576e-17	
     8257.390181	      8.190758e-17	
     8259.255810	      8.413944e-17	
     8261.121439	      8.317896e-17	
     8262.987068	      7.789429e-17	
     8264.852697	      7.539652e-17	
     8266.718326	      7.302004e-17	
     8268.583955	      7.431190e-17	
     8270.449584	      7.901461e-17	
     8272.315213	      7.862807e-17	
     8274.180842	      7.235204e-17	
     8276.046471	      7.337899e-17	
     8277.912100	      7.611715e-17	
     8279.777729	      7.364447e-17	
     8281.643358	      7.223080e-17	
     8283.508987	      7.029524e-17	
     8285.374616	      6.967402e-17	
     8287.240245	      6.725636e-17	
     8289.105874	      6.623240e-17	
     8290.971503	      6.579254e-17	
     8292.837132	      6.127516e-17	
     8294.702761	      5.939175e-17	
     8296.568390	      6.427334e-17	
     8298.434019	      6.822848e-17	
     8300.299648	      6.750073e-17	
     8302.165277	      6.727277e-17	
     8304.030906	      6.500007e-17	
     8305.896535	      6.612995e-17	
     8307.762164	      6.850829e-17	
     8309.627793	      7.107469e-17	
     8311.493421	      7.230080e-17	
     8313.359050	      7.551059e-17	
     8315.224679	      7.680568e-17	
     8317.090308	      8.072419e-17	
     8318.955937	      7.946115e-17	
     8320.821566	      7.679326e-17	
     8322.687195	      7.713621e-17	
     8324.552824	      7.779720e-17	
     8326.418453	      7.702953e-17	
     8328.284082	      7.297125e-17	
     8330.149711	      7.283313e-17	
     8332.015340	      7.405550e-17	
     8333.880969	      6.988907e-17	
     8335.746598	      7.002302e-17	
     8337.612227	      6.921031e-17	
     8339.477856	      7.035402e-17	
     8341.343485	      6.557857e-17	
     8343.209114	      7.000836e-17	
     8345.074743	      6.975841e-17	
     8346.940372	      7.215494e-17	
     8348.806001	      7.287640e-17	
     8350.671630	      6.905782e-17	
     8352.537259	      7.491043e-17	
     8354.402888	      7.703532e-17	
     8356.268517	      7.559596e-17	
     8358.134146	      7.508216e-17	
     8359.999775	      7.306342e-17	
     8361.865404	      6.978726e-17	
     8363.731033	      6.985076e-17	
     8365.596662	      7.236884e-17	
     8367.462291	      7.248592e-17	
     8369.327919	      7.380657e-17	
     8371.193548	      6.409699e-17	
     8373.059177	      6.496520e-17	
     8374.924806	      7.036981e-17	
     8376.790435	      6.975945e-17	
     8378.656064	      6.446861e-17	
     8380.521693	      6.118689e-17	
     8382.387322	      6.204827e-17	
     8384.252951	      6.355188e-17	
     8386.118580	      6.515127e-17	
     8387.984209	      6.826443e-17	
     8389.849838	      6.445423e-17	
     8391.715467	      6.191597e-17	
     8393.581096	      7.109023e-17	
     8395.446725	      7.277480e-17	
     8397.312354	      7.549564e-17	
     8399.177983	      7.836406e-17	
     8401.043612	      7.434835e-17	
     8402.909241	      7.251360e-17	
     8404.774870	      7.375580e-17	
     8406.640499	      7.242373e-17	
     8408.506128	      7.125731e-17	
     8410.371757	      7.080303e-17	
     8412.237386	      7.401646e-17	
     8414.103015	      6.851378e-17	
     8415.968644	      6.781075e-17	
     8417.834273	      6.521288e-17	
     8419.699902	      7.088947e-17	
     8421.565531	      7.156279e-17	
     8423.431160	      6.974681e-17	
     8425.296789	      6.449932e-17	
     8427.162417	      5.381297e-17	
     8429.028046	      5.182710e-17	
     8430.893675	      5.137462e-17	
     8432.759304	      5.483964e-17	
     8434.624933	      5.053572e-17	
     8436.490562	      5.026460e-17	
     8438.356191	      5.016183e-17	
     8440.221820	      4.448773e-17	
     8442.087449	      4.398933e-17	
     8443.953078	      4.093741e-17	
     8445.818707	      3.740064e-17	
     8447.684336	      3.375271e-17	
     8449.549965	      3.031697e-17	
     8451.415594	      3.398050e-17	
     8453.281223	      3.673305e-17	
     8455.146852	      3.708787e-17	
     8457.012481	      3.404174e-17	
     8458.878110	      3.389560e-17	
     8460.743739	      3.738845e-17	
     8462.609368	      3.706698e-17	
     8464.474997	      3.767674e-17	
     8466.340626	      3.805250e-17	
     8468.206255	      4.157002e-17	
     8470.071884	      4.286911e-17	
     8471.937513	      4.047889e-17	
     8473.803142	      3.732222e-17	
     8475.668771	      3.938123e-17	
     8477.534400	      3.901527e-17	
     8479.400029	      4.029753e-17	
     8481.265658	      4.411403e-17	
     8483.131287	      4.245914e-17	
     8484.996915	      4.238151e-17	
     8486.862544	      3.968697e-17	
     8488.728173	      4.103730e-17	
     8490.593802	      4.748340e-17	
     8492.459431	      4.506405e-17	
     8494.325060	      4.662919e-17	
     8496.190689	      5.002812e-17	
     8498.056318	      4.790321e-17	
     8499.921947	      4.530889e-17	
     8501.787576	      4.245717e-17	
     8503.653205	      4.405376e-17	
     8505.518834	      4.095284e-17	
     8507.384463	      3.615530e-17	
     8509.250092	      3.844209e-17	
     8511.115721	      4.002286e-17	
     8512.981350	      3.906044e-17	
     8514.846979	      3.960824e-17	
     8516.712608	      4.211807e-17	
     8518.578237	      4.438839e-17	
     8520.443866	      4.571219e-17	
     8522.309495	      4.397574e-17	
     8524.175124	      4.347655e-17	
     8526.040753	      4.619662e-17	
     8527.906382	      4.820467e-17	
     8529.772011	      4.832281e-17	
     8531.637640	      5.139879e-17	
     8533.503269	      5.211194e-17	
     8535.368898	      5.030507e-17	
     8537.234527	      5.110709e-17	
     8539.100156	      4.809516e-17	
     8540.965785	      4.907547e-17	
     8542.831413	      5.091548e-17	
     8544.697042	      5.199229e-17	
     8546.562671	      5.385660e-17	
     8548.428300	      5.712964e-17	
     8550.293929	      5.905105e-17	
     8552.159558	      5.761752e-17	
     8554.025187	      5.483359e-17	
     8555.890816	      5.567904e-17	
     8557.756445	      5.639677e-17	
     8559.622074	      5.358241e-17	
     8561.487703	      5.201505e-17	
     8563.353332	      5.210665e-17	
     8565.218961	      4.978084e-17	
     8567.084590	      4.945759e-17	
     8568.950219	      5.168482e-17	
     8570.815848	      4.757575e-17	
     8572.681477	      5.110159e-17	
     8574.547106	      5.124779e-17	
     8576.412735	      5.053787e-17	
     8578.278364	      5.015995e-17	
     8580.143993	      5.247140e-17	
     8582.009622	      5.315749e-17	
     8583.875251	      5.206014e-17	
     8585.740880	      5.470318e-17	
     8587.606509	      5.312335e-17	
     8589.472138	      5.721237e-17	
     8591.337767	      6.111113e-17	
     8593.203396	      6.072716e-17	
     8595.069025	      6.158467e-17	
     8596.934654	      6.395449e-17	
     8598.800283	      6.593332e-17	
     8600.665911	      6.940482e-17	
     8602.531540	      6.912378e-17	
     8604.397169	      6.628001e-17	
     8606.262798	      6.659804e-17	
     8608.128427	      7.127842e-17	
     8609.994056	      7.392026e-17	
     8611.859685	      6.770871e-17	
     8613.725314	      6.427126e-17	
     8615.590943	      6.015577e-17	
     8617.456572	      6.113699e-17	
     8619.322201	      6.949592e-17	
     8621.187830	      6.838063e-17	
     8623.053459	      7.089699e-17	
     8624.919088	      6.836431e-17	
     8626.784717	      7.465868e-17	
     8628.650346	      7.838913e-17	
     8630.515975	      7.443778e-17	
     8632.381604	      7.769844e-17	
     8634.247233	      7.254220e-17	
     8636.112862	      6.883432e-17	
     8637.978491	      7.258760e-17	
     8639.844120	      7.086611e-17	
     8641.709749	      6.704827e-17	
     8643.575378	      7.210502e-17	
     8645.441007	      7.320711e-17	
     8647.306636	      7.532279e-17	
     8649.172265	      7.377587e-17	
     8651.037894	      7.176815e-17	
     8652.903523	      6.641689e-17	
     8654.769152	      6.921811e-17	
     8656.634781	      6.995507e-17	
     8658.500409	      7.114771e-17	
     8660.366038	      7.749262e-17	
     8662.231667	      7.335330e-17	
     8664.097296	      6.844648e-17	
     8665.962925	      7.288474e-17	
     8667.828554	      7.373060e-17	
     8669.694183	      7.519229e-17	
     8671.559812	      7.746153e-17	
     8673.425441	      7.584809e-17	
     8675.291070	      7.021649e-17	
     8677.156699	      7.030160e-17	
     8679.022328	      7.815422e-17	
     8680.887957	      7.618287e-17	
     8682.753586	      7.071138e-17	
     8684.619215	      7.317237e-17	
     8686.484844	      7.195072e-17	
     8688.350473	      7.071097e-17	
     8690.216102	      7.198791e-17	
     8692.081731	      7.271392e-17	
     8693.947360	      7.732681e-17	
     8695.812989	      7.763119e-17	
     8697.678618	      7.769348e-17	
     8699.544247	      7.610828e-17	
     8701.409876	      7.358610e-17	
     8703.275505	      7.635167e-17	
     8705.141134	      7.546234e-17	
     8707.006763	      7.322863e-17	
     8708.872392	      7.335507e-17	
     8710.738021	      7.679135e-17	
     8712.603650	      8.169545e-17	
     8714.469279	      7.970816e-17	
     8716.334907	      8.006172e-17	
     8718.200536	      8.202444e-17	
     8720.066165	      8.466552e-17	
     8721.931794	      8.539608e-17	
     8723.797423	      8.594241e-17	
     8725.663052	      8.364615e-17	
     8727.528681	      8.027551e-17	
     8729.394310	      7.723798e-17	
     8731.259939	      7.685362e-17	
     8733.125568	      7.073041e-17	
     8734.991197	      7.339672e-17	
     8736.856826	      8.012337e-17	
     8738.722455	      8.545026e-17	
     8740.588084	      8.300485e-17	
     8742.453713	      8.062502e-17	
     8744.319342	      8.064411e-17	
     8746.184971	      8.106092e-17	
     8748.050600	      8.726651e-17	
     8749.916229	      9.339951e-17	
     8751.781858	      9.297738e-17	
     8753.647487	      9.972763e-17	
     8755.513116	      1.017604e-16	
     8757.378745	      9.915687e-17	
     8759.244374	      1.011142e-16	
     8761.110003	      1.028175e-16	
     8762.975632	      1.068605e-16	
     8764.841261	      1.060346e-16	
     8766.706890	      1.021309e-16	
     8768.572519	      1.060021e-16	
     8770.438148	      1.072464e-16	
     8772.303777	      9.729395e-17	
     8774.169405	      9.738767e-17	
     8776.035034	      9.545675e-17	
     8777.900663	      9.836505e-17	
     8779.766292	      1.011012e-16	
     8781.631921	      1.017695e-16	
     8783.497550	      9.914924e-17	
     8785.363179	      1.024476e-16	
     8787.228808	      1.027993e-16	
     8789.094437	      9.697132e-17	
     8790.960066	      1.019352e-16	
     8792.825695	      1.004396e-16	
     8794.691324	      1.009973e-16	
     8796.556953	      9.588015e-17	
     8798.422582	      9.625526e-17	
     8800.288211	      9.908208e-17	
     8802.153840	      1.043347e-16	
     8804.019469	      1.062835e-16	
     8805.885098	      1.064860e-16	
     8807.750727	      1.097254e-16	
     8809.616356	      1.143953e-16	
     8811.481985	      1.158983e-16	
     8813.347614	      1.128095e-16	
     8815.213243	      1.138093e-16	
     8817.078872	      1.092709e-16	
     8818.944501	      1.091413e-16	
     8820.810130	      1.149022e-16	
     8822.675759	      1.205176e-16	
     8824.541388	      1.148459e-16	
     8826.407017	      1.105006e-16	
     8828.272646	      1.129182e-16	
     8830.138275	      1.150943e-16	
     8832.003903	      1.146353e-16	
     8833.869532	      1.179784e-16	
     8835.735161	      1.189218e-16	
     8837.600790	      1.165771e-16	
     8839.466419	      1.139574e-16	
     8841.332048	      1.175323e-16	
     8843.197677	      1.161075e-16	
     8845.063306	      1.176687e-16	
     8846.928935	      1.170118e-16	
     8848.794564	      1.077706e-16	
     8850.660193	      1.045251e-16	
     8852.525822	      9.737348e-17	
     8854.391451	      8.352710e-17	
     8856.257080	      7.836666e-17	
     8858.122709	      8.107097e-17	
     8859.988338	      8.083126e-17	
     8861.853967	      8.162909e-17	
     8863.719596	      7.983684e-17	
     8865.585225	      7.675191e-17	
     8867.450854	      7.849779e-17	
     8869.316483	      7.761289e-17	
     8871.182112	      7.812283e-17	
     8873.047741	      8.120315e-17	
     8874.913370	      7.824149e-17	
     8876.778999	      7.431140e-17	
     8878.644628	      7.560159e-17	
     8880.510257	      7.278900e-17	
     8882.375886	      7.465920e-17	
     8884.241515	      8.228578e-17	
     8886.107144	      8.886974e-17	
     8887.972773	      8.792073e-17	
     8889.838402	      9.058901e-17	
     8891.704030	      8.778495e-17	
     8893.569659	      8.422806e-17	
     8895.435288	      9.009589e-17	
     8897.300917	      8.902721e-17	
     8899.166546	      8.855486e-17	
     8901.032175	      8.831767e-17	
     8902.897804	      8.728247e-17	
     8904.763433	      9.731053e-17	
     8906.629062	      9.324217e-17	
     8908.494691	      9.259354e-17	
     8910.360320	      9.674195e-17	
     8912.225949	      9.577001e-17	
     8914.091578	      9.515610e-17	
     8915.957207	      1.016780e-16	
     8917.822836	      9.522481e-17	
     8919.688465	      1.017649e-16	
     8921.554094	      9.943234e-17	
     8923.419723	      1.033097e-16	
     8925.285352	      1.076047e-16	
     8927.150981	      1.028826e-16	
     8929.016610	      1.010623e-16	
     8930.882239	      9.646407e-17	
     8932.747868	      9.629215e-17	
     8934.613497	      9.392554e-17	
     8936.479126	      8.932418e-17	
     8938.344755	      9.513026e-17	
     8940.210384	      9.361803e-17	
     8942.076013	      9.150558e-17	
     8943.941642	      9.297525e-17	
     8945.807271	      9.128712e-17	
     8947.672900	      9.572863e-17	
     8949.538528	      9.840934e-17	
     8951.404157	      9.673787e-17	
     8953.269786	      9.861086e-17	
     8955.135415	      9.823224e-17	
     8957.001044	      9.539582e-17	
     8958.866673	      9.370761e-17	
     8960.732302	      9.397576e-17	
     8962.597931	      9.529954e-17	
     8964.463560	      9.696374e-17	
     8966.329189	      9.573865e-17	
     8968.194818	      9.744839e-17	
     8970.060447	      9.966708e-17	
     8971.926076	      1.000657e-16	
     8973.791705	      1.043170e-16	
     8975.657334	      1.014370e-16	
     8977.522963	      1.008330e-16	
     8979.388592	      1.036531e-16	
     8981.254221	      1.061617e-16	
     8983.119850	      1.032293e-16	
     8984.985479	      9.972084e-17	
     8986.851108	      1.043836e-16	
     8988.716737	      1.051265e-16	
     8990.582366	      1.044919e-16	
     8992.447995	      1.031390e-16	
     8994.313624	      1.088118e-16	
     8996.179253	      1.118735e-16	
     8998.044882	      1.128742e-16	
     8999.910511	      1.103004e-16	
     9001.776140	      1.126679e-16	
     9003.641769	      1.122017e-16	
     9005.507398	      1.121716e-16	
     9007.373026	      1.112234e-16	
     9009.238655	      1.069907e-16	
     9011.104284	      1.041363e-16	
     9012.969913	      1.047107e-16	
     9014.835542	      1.082134e-16	
     9016.701171	      1.047799e-16	
     9018.566800	      1.021809e-16	
     9020.432429	      1.035482e-16	
     9022.298058	      1.036656e-16	
     9024.163687	      1.084071e-16	
     9026.029316	      1.125994e-16	
     9027.894945	      1.106167e-16	
     9029.760574	      1.104960e-16	
     9031.626203	      1.164953e-16	
     9033.491832	      1.161232e-16	
     9035.357461	      1.145528e-16	
     9037.223090	      1.160744e-16	
     9039.088719	      1.172305e-16	
     9040.954348	      1.212145e-16	
     9042.819977	      1.134194e-16	
     9044.685606	      1.133471e-16	
     9046.551235	      1.186780e-16	
     9048.416864	      1.109086e-16	
     9050.282493	      1.101173e-16	
     9052.148122	      1.128084e-16	
     9054.013751	      1.150305e-16	
     9055.879380	      1.145337e-16	
     9057.745009	      1.167106e-16	
     9059.610638	      1.115377e-16	
     9061.476267	      1.118702e-16	
     9063.341896	      1.135184e-16	
     9065.207524	      1.138447e-16	
     9067.073153	      1.073490e-16	
     9068.938782	      1.136468e-16	
     9070.804411	      1.157570e-16	
     9072.670040	      1.198544e-16	
     9074.535669	      1.208587e-16	
     9076.401298	      1.216269e-16	
     9078.266927	      1.195302e-16	
     9080.132556	      1.180957e-16	
     9081.998185	      1.164587e-16	
     9083.863814	      1.177064e-16	
     9085.729443	      1.216439e-16	
     9087.595072	      1.235432e-16	
     9089.460701	      1.248185e-16	
     9091.326330	      1.153758e-16	
     9093.191959	      1.171368e-16	
     9095.057588	      1.244372e-16	
     9096.923217	      1.257117e-16	
     9098.788846	      1.252132e-16	
     9100.654475	      1.246565e-16	
     9102.520104	      1.233021e-16	
     9104.385733	      1.251058e-16	
     9106.251362	      1.304707e-16	
     9108.116991	      1.274887e-16	
     9109.982620	      1.258759e-16	
     9111.848249	      1.243759e-16	
     9113.713878	      1.247067e-16	
     9115.579507	      1.249771e-16	
     9117.445136	      1.247313e-16	
     9119.310765	      1.206984e-16	
     9121.176394	      1.240850e-16	
     9123.042022	      1.212781e-16	
     9124.907651	      1.236723e-16	
     9126.773280	      1.249148e-16	
     9128.638909	      1.233849e-16	
     9130.504538	      1.237738e-16	
     9132.370167	      1.208337e-16	
     9134.235796	      1.257811e-16	
     9136.101425	      1.265117e-16	
     9137.967054	      1.257718e-16	
     9139.832683	      1.292174e-16	
     9141.698312	      1.262854e-16	
     9143.563941	      1.207575e-16	
     9145.429570	      1.275553e-16	
     9147.295199	      1.320145e-16	
     9149.160828	      1.287690e-16	
     9151.026457	      1.338332e-16	
     9152.892086	      1.293163e-16	
     9154.757715	      1.315938e-16	
     9156.623344	      1.315634e-16	
     9158.488973	      1.332988e-16	
     9160.354602	      1.337290e-16	
     9162.220231	      1.348553e-16	
     9164.085860	      1.324293e-16	
     9165.951489	      1.373206e-16	
     9167.817118	      1.354042e-16	
     9169.682747	      1.328310e-16	
     9171.548376	      1.332109e-16	
     9173.414005	      1.375232e-16	
     9175.279634	      1.347439e-16	
     9177.145263	      1.323373e-16	
     9179.010892	      1.370349e-16	
     9180.876520	      1.369797e-16	
     9182.742149	      1.439086e-16	
     9184.607778	      1.411063e-16	
     9186.473407	      1.369075e-16	
     9188.339036	      1.380750e-16	
     9190.204665	      1.394817e-16	
     9192.070294	      1.377507e-16	
     9193.935923	      1.374204e-16	
     9195.801552	      1.376879e-16	
     9197.667181	      1.339576e-16	
     9199.532810	      1.298322e-16	
     9201.398439	      1.252898e-16	
     9203.264068	      1.248432e-16	
     9205.129697	      1.257193e-16	
     9206.995326	      1.231007e-16	
     9208.860955	      1.243716e-16	
     9210.726584	      1.247179e-16	
     9212.592213	      1.219010e-16	
     9214.457842	      1.255983e-16	
     9216.323471	      1.220179e-16	
     9218.189100	      1.192204e-16	
     9220.054729	      1.236391e-16	
     9221.920358	      1.170157e-16	
     9223.785987	      1.119862e-16	
     9225.651616	      1.138024e-16	
     9227.517245	      1.128340e-16	
     9229.382874	      1.084167e-16	
     9231.248503	      1.092666e-16	
     9233.114132	      1.149811e-16	
     9234.979761	      1.146756e-16	
     9236.845390	      1.150186e-16	
     9238.711018	      1.149745e-16	
     9240.576647	      1.131785e-16	
     9242.442276	      1.160984e-16	
     9244.307905	      1.175166e-16	
     9246.173534	      1.201322e-16	
     9248.039163	      1.192157e-16	
     9249.904792	      1.198635e-16	
     9251.770421	      1.213996e-16	
     9253.636050	      1.219558e-16	
     9255.501679	      1.203946e-16	
     9257.367308	      1.240217e-16	
     9259.232937	      1.298261e-16	
     9261.098566	      1.296241e-16	
     9262.964195	      1.318885e-16	
     9264.829824	      1.339813e-16	
     9266.695453	      1.288877e-16	
     9268.561082	      1.194695e-16	
     9270.426711	      1.164783e-16	
     9272.292340	      1.130916e-16	
     9274.157969	      1.090412e-16	
     9276.023598	      1.120122e-16	
     9277.889227	      1.144643e-16	
     9279.754856	      1.139188e-16	
     9281.620485	      1.132551e-16	
     9283.486114	      1.118503e-16	
     9285.351743	      1.137988e-16	
     9287.217372	      1.088192e-16	
     9289.083001	      1.137869e-16	
     9290.948630	      1.053042e-16	
     9292.814259	      9.636043e-17	
     9294.679888	      1.027964e-16	
     9296.545516	      1.044015e-16	
     9298.411145	      1.082961e-16	
     9300.276774	      9.962693e-17	
     9302.142403	      9.916484e-17	
     9304.008032	      1.001406e-16	
     9305.873661	      1.004324e-16	
     9307.739290	      9.955502e-17	
     9309.604919	      9.711667e-17	
     9311.470548	      1.043774e-16	
     9313.336177	      1.030968e-16	
     9315.201806	      1.126010e-16	
     9317.067435	      1.116748e-16	
     9318.933064	      1.048861e-16	
     9320.798693	      1.050290e-16	
     9322.664322	      1.002233e-16	
     9324.529951	      1.045213e-16	
     9326.395580	      1.016702e-16	
     9328.261209	      1.076138e-16	
     9330.126838	      1.088917e-16	
     9331.992467	      1.116618e-16	
     9333.858096	      1.149211e-16	
     9335.723725	      1.048076e-16	
     9337.589354	      9.447001e-17	
     9339.454983	      9.340513e-17	
     9341.320612	      9.592818e-17	
     9343.186241	      9.731866e-17	
     9345.051870	      9.609235e-17	
     9346.917499	      9.379604e-17	
     9348.783128	      8.739434e-17	
     9350.648757	      9.027411e-17	
     9352.514386	      9.684240e-17	
     9354.380014	      1.051977e-16	
     9356.245643	      1.092562e-16	
     9358.111272	      1.033151e-16	
     9359.976901	      1.027158e-16	
     9361.842530	      1.094991e-16	
     9363.708159	      1.017843e-16	
     9365.573788	      9.767005e-17	
     9367.439417	      8.984126e-17	
     9369.305046	      9.237854e-17	
     9371.170675	      9.271727e-17	
     9373.036304	      9.074795e-17	
     9374.901933	      9.413397e-17	
     9376.767562	      8.846817e-17	
     9378.633191	      9.382700e-17	
     9380.498820	      9.722637e-17	
     9382.364449	      1.001678e-16	
     9384.230078	      1.098214e-16	
     9386.095707	      1.124575e-16	
     9387.961336	      1.074534e-16	
     9389.826965	      1.091336e-16	
     9391.692594	      1.069438e-16	
     9393.558223	      1.054358e-16	
     9395.423852	      1.085407e-16	
     9397.289481	      1.023420e-16	
     9399.155110	      1.103471e-16	
     9401.020739	      1.135541e-16	
     9402.886368	      1.122445e-16	
     9404.751997	      1.067664e-16	
     9406.617626	      1.040640e-16	
     9408.483255	      1.003509e-16	
     9410.348884	      1.086008e-16	
     9412.214512	      1.085751e-16	
     9414.080141	      9.876330e-17	
     9415.945770	      9.023970e-17	
     9417.811399	      9.256633e-17	
     9419.677028	      9.791749e-17	
     9421.542657	      1.022783e-16	
     9423.408286	      1.062361e-16	
     9425.273915	      1.107735e-16	
     9427.139544	      1.152849e-16	
     9429.005173	      1.217879e-16	
     9430.870802	      1.272924e-16	
     9432.736431	      1.263988e-16	
     9434.602060	      1.200844e-16	
     9436.467689	      1.137310e-16	
     9438.333318	      1.199634e-16	
     9440.198947	      1.204861e-16	
     9442.064576	      1.196070e-16	
     9443.930205	      1.169092e-16	
     9445.795834	      1.138931e-16	
     9447.661463	      1.088637e-16	
     9449.527092	      9.904448e-17	
     9451.392721	      9.934699e-17	
     9453.258350	      1.053224e-16	
     9455.123979	      1.184360e-16	
     9456.989608	      1.267948e-16	
     9458.855237	      1.334616e-16	
     9460.720866	      1.342568e-16	
     9462.586495	      1.342474e-16	
     9464.452124	      1.275828e-16	
     9466.317753	      1.180693e-16	
     9468.183382	      1.006206e-16	
     9470.049011	      8.802051e-17	
     9471.914639	      8.167124e-17	
     9473.780268	      8.842082e-17	
     9475.645897	      1.072123e-16	
     9477.511526	      1.204998e-16	
     9479.377155	      1.191502e-16	
     9481.242784	      1.322386e-16	
     9483.108413	      1.243351e-16	
     9484.974042	      1.239030e-16	
     9486.839671	      1.243821e-16	
     9488.705300	      1.187313e-16	
     9490.570929	      1.119670e-16	
     9492.436558	      1.107221e-16	
     9494.302187	      9.730261e-17	
     9496.167816	      1.066001e-16	
     9498.033445	      1.171973e-16	
     9499.899074	      1.129475e-16	
     9501.764703	      1.157672e-16	
     9503.630332	      1.229792e-16	
     9505.495961	      1.151158e-16	
     9507.361590	      1.198155e-16	
     9509.227219	      1.245899e-16	
     9511.092848	      1.081491e-16	
     9512.958477	      1.115388e-16	
     9514.824106	      1.097226e-16	
     9516.689735	      1.069620e-16	
     9518.555364	      1.095056e-16	
     9520.420993	      1.101899e-16	
     9522.286622	      1.126648e-16	
     9524.152251	      9.719209e-17	
     9526.017880	      9.386372e-17	
     9527.883509	      9.862038e-17	
     9529.749137	      9.979248e-17	
     9531.614766	      1.022428e-16	
     9533.480395	      1.059271e-16	
     9535.346024	      9.770245e-17	
     9537.211653	      1.045410e-16	
     9539.077282	      1.095082e-16	
     9540.942911	      1.081727e-16	
     9542.808540	      1.093387e-16	
     9544.674169	      1.143140e-16	
     9546.539798	      1.170606e-16	
     9548.405427	      1.126183e-16	
     9550.271056	      1.090170e-16	
     9552.136685	      1.075020e-16	
     9554.002314	      1.049448e-16	
     9555.867943	      1.032991e-16	
     9557.733572	      9.419438e-17	
     9559.599201	      8.750005e-17	
     9561.464830	      8.683205e-17	
     9563.330459	      9.419566e-17	
     9565.196088	      9.731364e-17	
     9567.061717	      9.847940e-17	
     9568.927346	      1.013427e-16	
     9570.792975	      9.801759e-17	
     9572.658604	      1.022577e-16	
     9574.524233	      1.002842e-16	
     9576.389862	      9.744331e-17	
     9578.255491	      9.970894e-17	
     9580.121120	      9.861459e-17	
     9581.986749	      9.575087e-17	
     9583.852378	      9.136436e-17	
     9585.718007	      9.462241e-17	
     9587.583635	      9.405628e-17	
     9589.449264	      9.120525e-17	
     9591.314893	      9.211925e-17	
     9593.180522	      9.136015e-17	
     9595.046151	      9.172318e-17	
     9596.911780	      9.544110e-17	
     9598.777409	      9.477904e-17	
     9600.643038	      8.964059e-17	
     9602.508667	      9.172136e-17	
     9604.374296	      9.553315e-17	
     9606.239925	      9.018441e-17	
     9608.105554	      8.756400e-17	
     9609.971183	      9.087363e-17	
     9611.836812	      9.462933e-17	
     9613.702441	      9.231755e-17	
     9615.568070	      8.890063e-17	
     9617.433699	      8.477698e-17	
     9619.299328	      8.149882e-17	
     9621.164957	      8.310205e-17	
     9623.030586	      8.406319e-17	
     9624.896215	      8.356723e-17	
     9626.761844	      8.007591e-17	
     9628.627473	      7.363907e-17	
     9630.493102	      7.229822e-17	
     9632.358731	      6.995659e-17	
     9634.224360	      7.094056e-17	
     9636.089989	      7.126581e-17	
     9637.955618	      7.286527e-17	
     9639.821247	      7.113461e-17	
     9641.686876	      7.227195e-17	
     9643.552505	      6.984338e-17	
     9645.418133	      6.915097e-17	
     9647.283762	      7.000466e-17	
     9649.149391	      6.977329e-17	
     9651.015020	      7.164517e-17	
     9652.880649	      7.246823e-17	
     9654.746278	      7.170199e-17	
     9656.611907	      6.720402e-17	
     9658.477536	      6.725149e-17	
     9660.343165	      6.898520e-17	
     9662.208794	      6.928928e-17	
     9664.074423	      6.783636e-17	
     9665.940052	      7.072245e-17	
     9667.805681	      6.785316e-17	
     9669.671310	      6.668170e-17	
     9671.536939	      7.112956e-17	
     9673.402568	      6.987268e-17	
     9675.268197	      7.343777e-17	
     9677.133826	      6.974685e-17	
     9678.999455	      6.331810e-17	
     9680.865084	      5.538854e-17	
     9682.730713	      5.442632e-17	
     9684.596342	      5.579609e-17	
     9686.461971	      5.394673e-17	
     9688.327600	      5.239470e-17	
     9690.193229	      5.202112e-17	
     9692.058858	      5.788359e-17	
     9693.924487	      6.070922e-17	
     9695.790116	      5.843160e-17	
     9697.655745	      5.468874e-17	
     9699.521374	      5.372565e-17	
     9701.387003	      5.182321e-17	
     9703.252631	      5.315831e-17	
     9705.118260	      5.168467e-17	
     9706.983889	      4.795733e-17	
     9708.849518	      4.727246e-17	
     9710.715147	      4.388848e-17	
     9712.580776	      4.185183e-17	
     9714.446405	      4.564466e-17	
     9716.312034	      4.789623e-17	
     9718.177663	      4.595086e-17	
     9720.043292	      4.682050e-17	
     9721.908921	      4.390606e-17	
     9723.774550	      4.369902e-17	
     9725.640179	      4.293724e-17	
     9727.505808	      4.327260e-17	
     9729.371437	      4.303273e-17	
     9731.237066	      3.904675e-17	
     9733.102695	      3.644327e-17	
     9734.968324	      3.492585e-17	
     9736.833953	      3.398554e-17	
     9738.699582	      3.473329e-17	
     9740.565211	      3.366348e-17	
     9742.430840	      3.315390e-17	
     9744.296469	      3.293568e-17	
     9746.162098	      3.119249e-17	
     9748.027727	      3.346100e-17	
     9749.893356	      3.252596e-17	
     9751.758985	      3.355356e-17	
     9753.624614	      3.268323e-17	
     9755.490243	      3.278165e-17	
     9757.355872	      3.108215e-17	
     9759.221501	      3.283578e-17	
     9761.087129	      3.324840e-17	
     9762.952758	      3.183482e-17	
     9764.818387	      3.177607e-17	
     9766.684016	      3.147051e-17	
     9768.549645	      3.312474e-17	
     9770.415274	      2.944739e-17	
     9772.280903	      2.795952e-17	
     9774.146532	      2.683170e-17	
     9776.012161	      2.368200e-17	
     9777.877790	      2.412284e-17	
     9779.743419	      2.520898e-17	
     9781.609048	      2.301071e-17	
     9783.474677	      2.463179e-17	
     9785.340306	      2.778969e-17	
     9787.205935	      2.804382e-17	
     9789.071564	      2.806873e-17	
     9790.937193	      2.639073e-17	
     9792.802822	      2.634190e-17	
     9794.668451	      2.580063e-17	
     9796.534080	      2.529758e-17	
     9798.399709	      2.424916e-17	
     9800.265338	      2.324722e-17	
     9802.130967	      2.141284e-17	
     9803.996596	      2.038970e-17	
     9805.862225	      2.125753e-17	
     9807.727854	      1.921344e-17	
     9809.593483	      1.986451e-17	
     9811.459112	      2.183073e-17	
     9813.324741	      2.221458e-17	
     9815.190370	      2.233519e-17	
     9817.055999	      2.143235e-17	
     9818.921627	      1.993615e-17	
     9820.787256	      2.069558e-17	
     9822.652885	      2.030871e-17	
     9824.518514	      1.838488e-17	
     9826.384143	      1.953288e-17	
     9828.249772	      1.953035e-17	
     9830.115401	      1.809502e-17	
     9831.981030	      1.832205e-17	
     9833.846659	      1.859047e-17	
     9835.712288	      1.717101e-17	
     9837.577917	      1.559355e-17	
     9839.443546	      1.557674e-17	
     9841.309175	      1.642487e-17	
     9843.174804	      1.467149e-17	
     9845.040433	      1.453075e-17	
     9846.906062	      1.461368e-17	
     9848.771691	      1.544809e-17	
     9850.637320	      1.532406e-17	
     9852.502949	      1.432555e-17	
     9854.368578	      1.426691e-17	
     9856.234207	      1.496186e-17	
     9858.099836	      1.546261e-17	
     9859.965465	      1.557008e-17	
     9861.831094	      1.497798e-17	
     9863.696723	      1.321542e-17	
     9865.562352	      1.365965e-17	
     9867.427981	      1.599747e-17	
     9869.293610	      1.585357e-17	
     9871.159239	      1.487852e-17	
     9873.024868	      1.476248e-17	
     9874.890497	      1.446155e-17	
     9876.756125	      1.239214e-17	
     9878.621754	      1.253115e-17	
     9880.487383	      1.276798e-17	
     9882.353012	      1.176463e-17	
     9884.218641	      1.204719e-17	
     9886.084270	      1.247428e-17	
     9887.949899	      1.204805e-17	
     9889.815528	      1.066793e-17	
     9891.681157	      1.039430e-17	
     9893.546786	      1.106784e-17	
     9895.412415	      9.153701e-18	
     9897.278044	      9.329206e-18	
     9899.143673	      9.754176e-18	
     9901.009302	      8.796896e-18	
     9902.874931	      1.080106e-17	
     9904.740560	      1.073581e-17	
     9906.606189	      9.849053e-18	
     9908.471818	      1.042290e-17	
     9910.337447	      9.403054e-18	
     9912.203076	      9.861418e-18	
     9914.068705	      9.564562e-18	
     9915.934334	      7.929360e-18	
     9917.799963	      9.016720e-18	
     9919.665592	      9.248883e-18	
     9921.531221	      1.005046e-17	
     9923.396850	      9.682030e-18	
     9925.262479	      9.989048e-18	
     9927.128108	      9.662175e-18	
     9928.993737	      1.000566e-17	
     9930.859366	      9.498299e-18	
     9932.724995	      9.811653e-18	
     9934.590623	      1.002157e-17	
     9936.456252	      1.167863e-17	
     9938.321881	      1.068485e-17	
     9940.187510	      1.128469e-17	
     9942.053139	      1.153547e-17	
     9943.918768	      1.158379e-17	
     9945.784397	      1.275083e-17	
     9947.650026	      1.218851e-17	
     9949.515655	      1.180098e-17	
     9951.381284	      1.129673e-17	
#time:0.051147

